-89.3931 -150.6029 -144.6913 -143.5117 -138.0332 -144.2515 -132.0620 -146.2256 -122.4840 -189.8475 -121.1282 -152.8456 -121.7298 -179.7991 -128.0670 -125.5073 -154.1111 -144.3461 -147.0681 -120.0609 -162.1282 -155.5886 -120.7198 -125.8290 -155.5886 -120.0609 -137.3264 -104.3007 -135.5749 -132.6533 -148.7068 -155.1084 -97.4131 -181.1855
-160.1657 -98.1350 -147.5661 -185.1340 -140.1975 -123.9243 -126.8993 -161.5269 -117.9145 -192.7133 -167.7795 -204.6775 -160.7743 -134.3418 -128.4279 -150.2129 -157.6469 -131.7480 -160.5940 -185.0063 -165.7022 -147.5661 -140.1975 -147.5661 -124.4063 -150.2129 -153.8724 -182.8255 -111.8809 -140.0099
-149.0435 -167.8602 -116.8097 -117.1810 -149.0435 -117.4487 -124.6290 -132.9412 -117.1810 -105.1133 -125.5757 -153.1551 -131.8789 -137.2391 -146.9777 -160.4002 -161.9336 -114.4909 -93.4714 -79.9292
-194.0565 -213.8999 -311.1659 -223.0912 -225.3810 -282.6238 -210.0940 -213.8999 -210.2081 -210.2869 -216.2128 -221.6216 -182.3025 -194.7315 -231.1022
-275.0994
-109.0016 -144.8593 -112.0332 -144.8593 -94.5656 -84.3075 -139.9476 -48.1527 -103.2829 -69.5103
-145.8998 -121.6129 -156.4965 -132.2109 -177.9890 -135.8772 -195.6316 -156.3849 -156.4965 -133.7890 -144.9136 -148.6690 -93.9562 -124.5163 -109.2273 -177.9890 -133.7890 -121.1910 -141.0514 -148.2388 -129.8725 -146.2405 -145.8998 -158.6476 -160.4734 -109.8582 -140.5984 -165.2000
-178.3846 -137.6967 -131.0836 -186.2609 -117.1852 -146.0747 -167.3682 -145.1717 -143.8219 -94.0636 -103.1443 -153.8359 -97.7963 -133.4332
-102.4839 -118.1619 -123.1832 -156.3821 -158.8740 -137.1035 -139.0409 -101.0594 -103.9428 -142.6512 -108.4711 -127.8077
-180.1574 -82.9392 -180.1574 -163.4573 -131.4709 -94.5618 -156.5758 -177.6839 -163.4573 -94.5618
-139.6651 -104.7430 -157.3527 -131.0772 -139.2103 -157.3527 -95.6685 -150.8550 -92.7051 -119.2090
-149.2936 -165.3775 -179.5942 -182.8546 -186.5403 -180.1096
-133.7780 -186.9166 -120.2135 -217.1063 -165.8346 -159.2942 -217.1063 -193.3556 -182.9746 -114.1135 -169.7723 -142.3960 -224.7838 -200.2382 -165.8346 -164.1083 -261.6761 -156.4091
-100.2525 -88.7773 -84.2957 -115.0878 -88.7773 -64.4679 -114.9256 -69.9684 -124.5617 -110.9592 -100.6064 -134.0104 -110.7898 -108.2963 -110.7898
-55.5862 -195.2812 -359.8450
-148.4816 -113.0461 -134.1792 -116.0088 -123.8404 -165.9410 -116.0088 -158.1367 -176.3548 -47.3329
-253.6082 -253.6082
-204.2288
-178.4765 -184.3755 -188.7379 -208.8408
0.0000
